50
0 1 77
0 5 89
0 8 98
0 10 88
0 11 12
0 12 34
0 13 12
0 15 78
0 17 76
0 18 42
0 20 57
0 21 28
0 22 24
0 23 27
0 24 55
0 25 21
0 26 28
0 29 26
0 31 18
0 32 82
0 33 56
0 34 77
0 35 62
0 40 58
0 42 33
0 43 23
0 48 71
0 49 41
1 3 25
1 4 41
1 6 67
1 7 73
1 8 82
1 9 81
1 10 69
1 15 6
1 18 63
1 20 78
1 21 92
1 22 11
1 24 7
1 25 3
1 28 31
1 30 69
1 31 71
1 32 88
1 33 68
1 34 47
1 36 12
1 38 96
1 39 70
1 40 26
1 41 81
1 43 1
1 44 78
1 45 64
1 46 49
1 48 83
2 3 74
2 4 44
2 5 53
2 6 51
2 7 15
2 9 53
2 11 57
2 12 5
2 13 84
2 15 46
2 19 22
2 20 68
2 22 99
2 23 63
2 25 38
2 26 82
2 27 9
2 28 78
2 30 42
2 33 62
2 34 35
2 35 40
2 39 17
2 41 40
2 44 5
2 46 87
2 47 100
2 48 23
2 49 20
3 4 94
3 7 41
3 8 54
3 10 28
3 13 56
3 15 67
3 16 11
3 20 36
3 21 24
3 23 12
3 24 4
3 26 50
3 27 5
3 28 4
3 30 16
3 31 18
3 32 15
3 33 49
3 34 47
3 35 20
3 36 57
3 37 13
3 38 3
3 39 67
3 42 51
3 43 81
3 44 74
3 46 96
3 47 34
3 49 53
4 5 53
4 6 25
4 8 56
4 10 29
4 11 82
4 12 91
4 13 16
4 14 28
4 15 16
4 16 35
4 17 97
4 18 42
4 20 16
4 21 11
4 22 10
4 24 1
4 26 86
4 29 21
4 31 94
4 32 67
4 33 62
4 36 97
4 37 34
4 42 86
4 44 13
4 45 38
4 46 20
5 6 5
5 7 94
5 8 30
5 10 57
5 11 7
5 12 15
5 14 35
5 16 77
5 17 25
5 18 56
5 19 9
5 21 63
5 22 81
5 25 9
5 26 74
5 27 9
5 28 69
5 29 37
5 31 16
5 32 80
5 33 81
5 34 83
5 35 7
5 36 75
5 37 71
5 39 85
5 44 92
5 46 68
5 49 100
6 7 54
6 9 84
6 11 71
6 12 97
6 14 85
6 16 79
6 17 76
6 19 74
6 20 13
6 21 81
6 23 40
6 24 95
6 25 6
6 28 41
6 29 32
6 30 7
6 32 55
6 33 65
6 35 74
6 38 64
6 40 97
6 41 100
6 45 26
6 47 70
6 48 18
6 49 48
7 8 53
7 10 22
7 13 33
7 14 78
7 15 54
7 16 88
7 18 2
7 19 44
7 20 47
7 21 31
7 22 20
7 23 88
7 25 77
7 29 46
7 32 60
7 33 79
7 35 51
7 37 4
7 38 65
7 39 33
7 44 1
7 45 59
7 47 19
7 48 100
8 10 69
8 11 79
8 12 55
8 15 61
8 16 8
8 17 66
8 19 96
8 21 49
8 23 13
8 24 64
8 26 21
8 27 34
8 28 19
8 30 69
8 31 38
8 32 33
8 33 71
8 34 28
8 37 49
8 38 33
8 39 3
8 40 84
8 42 78
8 43 89
8 44 19
8 45 72
8 46 100
8 47 37
8 48 92
8 49 51
9 10 49
9 12 65
9 13 14
9 14 10
9 16 61
9 18 82
9 20 28
9 21 88
9 22 49
9 23 37
9 24 83
9 25 84
9 28 36
9 31 95
9 32 38
9 33 55
9 34 91
9 35 21
9 37 100
9 38 82
9 39 21
9 40 57
9 44 97
9 45 65
9 46 45
9 49 29
10 12 79
10 13 53
10 14 58
10 17 41
10 18 71
10 23 49
10 24 18
10 25 71
10 26 8
10 27 39
10 28 50
10 32 43
10 33 90
10 34 30
10 35 11
10 36 95
10 37 15
10 38 27
10 41 91
10 44 20
11 12 35
11 13 32
11 14 71
11 15 62
11 16 88
11 17 100
11 19 74
11 21 18
11 22 92
11 27 34
11 29 28
11 30 24
11 31 30
11 32 53
11 33 49
11 34 67
11 35 48
11 36 43
11 38 5
11 39 27
11 40 67
11 41 11
11 42 15
11 43 33
11 44 73
11 47 67
11 48 23
11 49 96
12 13 11
12 14 62
12 15 25
12 16 84
12 17 24
12 20 45
12 22 2
12 23 95
12 25 98
12 26 72
12 29 8
12 30 16
12 32 6
12 33 72
12 34 58
12 35 40
12 36 12
12 37 24
12 39 53
12 40 91
12 41 87
12 49 40
13 15 83
13 17 39
13 19 83
13 20 63
13 23 61
13 24 65
13 25 83
13 26 100
13 27 79
13 28 41
13 29 32
13 31 76
13 33 68
13 35 34
13 36 47
13 39 39
13 40 2
13 41 50
13 42 82
13 43 31
13 44 26
13 46 38
13 47 56
13 48 7
13 49 67
14 16 73
14 20 51
14 22 81
14 26 79
14 28 72
14 34 10
14 35 11
14 38 30
14 41 35
14 45 20
14 49 76
15 16 34
15 20 72
15 21 73
15 24 47
15 26 73
15 28 7
15 29 42
15 30 11
15 35 27
15 36 19
15 37 32
15 39 20
15 40 93
15 43 61
15 44 58
15 47 58
15 49 38
16 17 38
16 22 74
16 23 86
16 24 27
16 25 60
16 26 58
16 27 5
16 28 69
16 29 94
16 33 70
16 34 68
16 35 49
16 36 39
16 39 33
16 40 39
16 41 76
16 43 72
16 44 94
16 45 100
16 47 13
16 49 1
17 18 60
17 19 56
17 20 96
17 23 9
17 24 59
17 26 13
17 28 35
17 29 36
17 31 75
17 33 4
17 35 20
17 38 4
17 40 44
17 42 57
17 43 60
17 45 20
17 46 32
17 47 85
17 48 91
17 49 77
18 20 64
18 21 57
18 22 50
18 23 18
18 25 68
18 28 75
18 29 78
18 30 45
18 31 32
18 39 75
18 40 76
18 42 43
18 44 68
18 45 41
18 46 51
19 20 74
19 22 50
19 23 99
19 24 1
19 25 21
19 27 2
19 28 36
19 29 35
19 31 79
19 32 80
19 33 86
19 39 46
19 40 98
19 41 57
19 42 66
19 43 95
19 44 46
19 45 19
19 47 61
19 48 25
19 49 11
20 22 93
20 24 87
20 25 21
20 26 6
20 28 16
20 29 68
20 30 47
20 31 27
20 33 93
20 34 57
20 35 66
20 36 16
20 38 8
20 39 96
20 43 50
20 45 57
20 47 63
20 49 95
21 22 24
21 23 61
21 24 79
21 26 98
21 27 81
21 31 94
21 34 30
21 35 62
21 36 13
21 37 91
21 38 42
21 39 10
21 40 93
21 41 75
21 42 46
21 43 84
21 44 22
21 45 74
21 47 62
21 49 24
22 23 26
22 26 67
22 27 96
22 28 57
22 29 41
22 30 61
22 31 27
22 32 8
22 33 6
22 34 37
22 35 99
22 36 1
22 37 50
22 38 41
22 39 35
22 40 86
22 42 54
22 44 45
22 45 64
23 25 68
23 28 29
23 30 81
23 31 14
23 32 52
23 33 65
23 35 74
23 37 6
23 39 93
23 40 33
23 41 65
23 42 44
23 45 79
23 46 69
23 48 13
23 49 85
24 25 87
24 26 39
24 28 60
24 29 100
24 32 55
24 34 72
24 36 45
24 39 71
24 42 90
24 44 95
24 46 71
24 48 7
25 26 78
25 28 38
25 31 12
25 34 91
25 37 61
25 38 85
25 41 50
25 42 82
25 43 15
25 46 61
26 27 39
26 28 75
26 29 19
26 31 33
26 33 92
26 34 70
26 35 39
26 36 98
26 37 99
26 39 33
26 40 28
26 41 26
26 43 5
26 44 33
26 45 36
26 46 94
26 47 95
26 48 95
26 49 93
27 28 65
27 29 97
27 30 64
27 33 92
27 34 100
27 36 87
27 37 78
27 40 58
27 41 91
27 43 53
27 44 35
27 45 63
27 46 41
27 47 39
27 48 30
28 30 20
28 31 45
28 33 79
28 36 56
28 38 3
28 39 52
28 40 83
28 41 92
28 42 46
28 43 24
28 45 93
28 46 30
28 48 45
28 49 73
29 30 33
29 32 23
29 33 17
29 35 17
29 36 11
29 37 17
29 41 22
29 43 71
29 47 54
29 49 21
30 31 58
30 32 83
30 33 14
30 36 55
30 37 25
30 38 54
30 39 15
30 40 20
30 41 49
30 43 81
30 44 98
30 47 90
30 48 16
30 49 1
31 32 49
31 33 79
31 34 25
31 35 78
31 37 10
31 38 72
31 39 44
31 40 37
31 41 60
31 46 86
31 47 10
31 48 48
32 33 14
32 34 12
32 41 62
32 44 15
32 45 11
32 46 64
32 47 89
32 48 23
32 49 81
33 34 90
33 35 20
33 36 63
33 40 7
33 41 56
33 42 51
33 45 49
34 35 83
34 36 69
34 37 31
34 41 20
34 42 43
34 43 73
34 45 26
34 47 21
34 48 92
34 49 56
35 36 16
35 38 20
35 41 71
35 42 46
35 46 81
35 47 6
35 49 48
36 38 53
36 40 77
36 41 59
36 42 9
36 43 72
36 44 92
36 47 40
36 48 67
36 49 81
37 38 24
37 39 95
37 41 20
37 42 57
37 44 8
37 46 49
37 47 53
37 48 96
38 39 78
38 40 29
38 41 14
38 43 7
38 44 69
38 45 71
38 46 68
38 47 32
38 48 1
38 49 31
39 40 3
39 43 84
39 45 26
39 46 53
39 47 69
39 48 29
39 49 62
40 41 88
40 45 100
40 46 73
40 47 52
40 49 93
41 42 20
41 44 76
41 45 24
42 44 42
42 46 29
42 47 93
42 48 62
42 49 42
43 45 52
43 47 53
43 48 50
43 49 70
44 45 40
44 47 34
44 49 91
45 47 81
45 48 24
46 49 52
48 49 40
