25
0 2 63
0 4 84
0 6 47
0 7 99
0 11 23
0 12 90
0 13 2
0 15 59
0 16 25
0 17 34
0 18 84
0 19 91
0 20 59
0 23 28
1 2 36
1 4 91
1 5 6
1 7 91
1 8 72
1 9 55
1 10 28
1 12 9
1 14 1
1 15 50
1 17 30
1 19 3
1 20 85
1 21 30
1 23 52
2 3 23
2 5 39
2 6 21
2 8 63
2 9 93
2 11 96
2 14 88
2 17 12
2 18 65
2 21 96
2 23 2
3 5 12
3 6 10
3 7 22
3 9 7
3 10 53
3 11 46
3 12 13
3 13 5
3 14 26
3 15 84
3 16 6
3 17 6
3 18 82
3 20 5
3 21 11
3 23 27
3 24 9
4 5 36
4 6 17
4 7 27
4 8 76
4 9 85
4 12 19
4 14 84
4 15 87
4 18 6
4 22 60
4 24 12
5 8 12
5 9 9
5 10 67
5 11 67
5 13 54
5 14 79
5 15 37
5 18 47
5 22 62
5 23 56
5 24 63
6 7 72
6 10 90
6 12 75
6 14 75
6 20 6
6 22 44
6 23 95
7 9 57
7 10 78
7 12 28
7 13 47
7 14 23
7 15 6
7 16 83
7 17 99
7 18 61
7 19 75
7 20 35
7 22 13
8 9 7
8 14 62
8 15 32
8 16 23
8 17 90
8 18 38
8 20 29
8 21 26
8 22 43
8 23 29
9 13 54
9 14 54
9 15 28
9 16 43
9 18 48
9 19 87
9 20 36
9 21 12
9 22 9
9 23 85
9 24 33
10 12 26
10 16 45
10 17 62
10 19 82
10 20 10
10 21 39
10 23 46
11 12 87
11 14 90
11 17 23
11 18 39
11 19 88
11 20 79
11 21 9
11 22 41
11 23 54
11 24 73
12 13 56
12 16 15
12 17 86
12 18 43
12 19 8
12 21 29
13 15 31
13 17 29
13 19 31
13 21 63
13 23 72
14 16 25
14 19 66
14 21 88
14 22 46
15 16 25
15 17 95
15 18 85
15 22 80
15 23 36
15 24 20
16 18 58
16 19 79
16 21 75
16 22 64
16 24 21
17 18 63
17 19 12
17 21 64
17 22 12
17 23 82
18 19 59
18 21 60
18 24 80
19 21 30
19 23 28
19 24 50
20 21 39
20 22 28
20 23 38
20 24 48
21 22 58
21 23 6
21 24 11
22 23 43
22 24 28
