200
0 1 17
0 15 97
0 19 5
0 22 2
0 38 87
0 39 60
0 40 4
0 51 46
0 55 52
0 59 64
0 65 88
0 68 18
0 71 61
0 75 81
0 77 73
0 79 31
0 85 17
0 88 92
0 97 88
0 99 10
0 101 74
0 108 52
0 109 46
0 115 62
0 116 57
0 119 48
0 120 95
0 126 94
0 128 88
0 132 2
0 138 62
0 141 63
0 147 12
0 152 81
0 153 84
0 164 43
0 165 16
0 168 86
0 169 36
0 171 54
0 176 100
0 180 73
0 181 78
0 183 56
0 185 87
0 187 85
0 191 75
1 3 39
1 5 90
1 20 20
1 24 63
1 28 43
1 51 66
1 53 93
1 54 33
1 56 98
1 60 22
1 74 72
1 75 96
1 81 72
1 87 39
1 91 73
1 95 69
1 101 57
1 109 79
1 112 81
1 113 39
1 123 38
1 124 60
1 131 10
1 133 91
1 136 99
1 151 73
1 171 48
1 172 36
1 173 88
1 189 29
1 193 64
2 11 38
2 12 97
2 13 80
2 28 31
2 32 82
2 35 76
2 41 92
2 52 39
2 53 51
2 61 49
2 62 4
2 76 100
2 86 45
2 87 74
2 89 13
2 92 52
2 99 19
2 103 61
2 109 30
2 114 32
2 115 92
2 121 59
2 131 92
2 134 71
2 136 34
2 138 2
2 141 34
2 150 31
2 161 84
2 183 72
2 187 74
2 188 16
2 194 74
2 196 56
3 12 90
3 14 45
3 19 24
3 24 53
3 25 66
3 26 73
3 27 47
3 31 30
3 37 78
3 44 12
3 51 47
3 52 78
3 53 2
3 57 76
3 58 61
3 65 70
3 78 58
3 80 54
3 82 49
3 83 34
3 85 64
3 95 19
3 100 12
3 102 48
3 106 75
3 110 92
3 114 25
3 115 91
3 118 23
3 122 74
3 124 31
3 128 52
3 131 13
3 135 77
3 149 43
3 156 64
3 157 80
3 170 35
3 173 60
3 175 88
3 176 14
3 178 75
3 180 79
3 181 57
3 184 96
3 196 35
3 199 51
4 15 63
4 17 100
4 18 17
4 31 54
4 35 88
4 43 8
4 47 84
4 48 63
4 55 67
4 65 6
4 67 19
4 69 59
4 75 52
4 76 75
4 80 64
4 90 69
4 106 93
4 107 81
4 108 44
4 111 79
4 114 29
4 115 18
4 129 17
4 132 78
4 133 41
4 137 70
4 138 2
4 142 79
4 149 13
4 153 18
4 158 26
4 167 24
4 170 39
4 171 53
4 175 87
4 177 9
4 178 99
4 182 44
4 194 100
5 7 88
5 20 28
5 22 41
5 23 58
5 36 16
5 39 39
5 40 38
5 42 46
5 44 95
5 45 94
5 51 17
5 71 88
5 77 86
5 87 44
5 95 4
5 99 39
5 100 60
5 107 15
5 118 1
5 121 97
5 136 77
5 140 19
5 142 45
5 155 45
5 160 2
5 161 26
5 165 91
5 168 46
5 171 91
5 175 16
5 179 33
5 193 22
5 199 62
6 9 72
6 10 76
6 11 1
6 22 40
6 24 48
6 28 97
6 31 20
6 38 94
6 40 80
6 41 23
6 42 6
6 43 35
6 44 83
6 46 37
6 48 1
6 50 54
6 59 14
6 64 57
6 67 59
6 68 75
6 69 29
6 71 65
6 80 59
6 84 32
6 88 22
6 97 69
6 100 87
6 105 19
6 106 23
6 111 44
6 112 89
6 117 33
6 119 65
6 138 73
6 139 61
6 151 92
6 158 52
6 164 70
6 168 33
6 177 76
6 185 57
6 188 21
6 194 8
7 14 59
7 15 14
7 19 45
7 23 71
7 26 74
7 39 31
7 43 6
7 47 84
7 61 92
7 63 87
7 68 50
7 77 11
7 81 86
7 95 64
7 100 55
7 101 13
7 105 70
7 118 41
7 120 13
7 123 55
7 125 37
7 134 99
7 136 26
7 138 55
7 145 67
7 151 1
7 152 21
7 153 15
7 156 15
7 159 41
7 160 20
7 162 75
7 169 28
7 171 90
7 181 2
7 192 66
7 194 96
7 198 74
8 9 19
8 12 8
8 19 46
8 25 51
8 27 95
8 28 35
8 31 68
8 35 84
8 37 6
8 51 30
8 52 4
8 54 37
8 56 26
8 59 8
8 65 38
8 94 44
8 96 99
8 104 85
8 110 71
8 116 5
8 126 10
8 128 81
8 129 3
8 133 67
8 134 89
8 135 52
8 150 35
8 152 42
8 154 12
8 156 28
8 157 80
8 158 73
8 159 12
8 162 47
8 167 50
8 171 33
8 172 77
8 176 76
8 180 44
8 188 62
8 191 87
8 192 96
8 197 55
8 199 95
9 12 86
9 14 86
9 15 42
9 21 51
9 26 96
9 35 13
9 36 90
9 38 78
9 41 96
9 46 17
9 47 43
9 48 21
9 49 77
9 53 44
9 54 57
9 57 18
9 61 92
9 67 81
9 75 25
9 80 2
9 82 91
9 90 10
9 91 84
9 92 93
9 99 49
9 103 54
9 109 61
9 111 14
9 113 37
9 133 98
9 135 95
9 144 42
9 146 76
9 148 39
9 154 14
9 158 23
9 173 89
9 176 42
9 179 63
9 191 3
9 192 100
9 193 24
9 197 59
10 17 73
10 21 59
10 26 73
10 28 99
10 29 83
10 35 26
10 40 82
10 43 83
10 52 79
10 56 19
10 59 70
10 67 48
10 72 13
10 81 3
10 86 70
10 101 6
10 104 34
10 105 30
10 108 59
10 113 6
10 114 41
10 115 91
10 118 74
10 120 44
10 133 69
10 135 74
10 137 100
10 141 89
10 149 70
10 154 53
10 161 92
10 173 23
10 176 27
10 177 93
10 179 84
10 181 37
10 182 83
10 186 54
10 194 16
10 196 9
11 14 39
11 15 99
11 21 92
11 24 86
11 29 79
11 34 80
11 37 73
11 38 2
11 39 81
11 40 87
11 44 61
11 47 51
11 48 99
11 49 78
11 57 41
11 59 13
11 63 63
11 67 39
11 68 36
11 70 49
11 72 67
11 77 8
11 80 94
11 90 72
11 95 16
11 112 24
11 118 59
11 123 60
11 125 92
11 129 94
11 130 25
11 132 53
11 135 65
11 143 76
11 149 78
11 154 65
11 158 44
11 168 46
11 176 19
11 181 96
11 189 8
11 193 17
12 21 81
12 25 34
12 26 36
12 27 70
12 30 61
12 32 84
12 37 59
12 41 84
12 47 79
12 52 84
12 57 89
12 58 83
12 60 89
12 65 74
12 67 7
12 77 55
12 78 66
12 80 57
12 82 25
12 87 16
12 89 18
12 91 89
12 94 3
12 97 76
12 106 45
12 108 79
12 112 3
12 114 20
12 116 51
12 117 35
12 124 52
12 127 53
12 132 40
12 136 57
12 138 48
12 148 46
12 149 66
12 166 72
12 173 27
12 175 4
12 176 12
12 178 86
12 189 4
12 192 14
12 196 76
12 199 53
13 18 26
13 22 96
13 24 75
13 28 11
13 31 19
13 34 56
13 42 38
13 46 62
13 51 86
13 54 18
13 58 72
13 61 66
13 62 37
13 63 65
13 68 56
13 75 31
13 77 35
13 79 18
13 82 22
13 85 25
13 89 62
13 90 49
13 91 64
13 92 75
13 94 50
13 96 50
13 105 56
13 111 58
13 112 27
13 114 32
13 119 89
13 121 84
13 125 71
13 128 8
13 129 55
13 130 40
13 132 26
13 139 30
13 152 6
13 154 99
13 155 14
13 162 95
13 170 12
13 172 45
13 175 26
13 187 48
13 190 76
13 195 9
13 199 35
14 16 95
14 18 40
14 19 40
14 32 91
14 48 92
14 49 84
14 52 11
14 64 38
14 72 83
14 75 35
14 77 51
14 79 81
14 81 42
14 83 16
14 85 2
14 87 80
14 103 100
14 108 32
14 111 40
14 122 29
14 129 39
14 130 24
14 133 68
14 134 59
14 136 21
14 137 19
14 143 27
14 145 47
14 150 69
14 152 76
14 154 56
14 157 9
14 158 90
14 159 6
14 167 80
14 168 96
14 172 30
14 178 76
14 179 40
14 181 28
14 187 3
14 190 53
14 191 86
14 197 31
14 198 56
14 199 33
15 16 88
15 17 67
15 21 76
15 34 44
15 35 52
15 39 74
15 42 99
15 44 88
15 49 2
15 50 31
15 53 79
15 54 44
15 67 61
15 68 36
15 71 37
15 78 14
15 81 83
15 89 75
15 96 37
15 97 89
15 109 23
15 112 52
15 117 1
15 121 55
15 126 39
15 134 99
15 135 17
15 138 14
15 142 51
15 146 93
15 147 65
15 150 46
15 152 79
15 156 72
15 162 78
15 166 78
15 170 33
15 173 15
15 175 40
15 177 12
15 179 92
15 181 89
15 190 30
15 192 30
15 196 3
15 198 70
16 22 89
16 26 3
16 32 32
16 36 18
16 53 35
16 56 94
16 58 5
16 63 43
16 71 97
16 72 33
16 78 20
16 79 66
16 81 45
16 82 80
16 83 34
16 86 65
16 89 58
16 92 24
16 103 93
16 106 56
16 108 40
16 111 58
16 115 96
16 116 76
16 119 99
16 133 14
16 134 66
16 137 15
16 138 19
16 141 92
16 149 54
16 150 43
16 155 37
16 156 29
16 157 87
16 182 11
16 184 61
16 187 78
16 188 51
16 189 91
16 192 38
16 197 28
16 198 40
17 25 99
17 27 32
17 35 29
17 36 14
17 39 56
17 41 54
17 44 46
17 45 55
17 47 25
17 48 64
17 50 65
17 56 37
17 58 18
17 59 55
17 66 30
17 67 25
17 71 68
17 74 50
17 75 20
17 78 49
17 82 80
17 107 54
17 111 42
17 114 45
17 132 15
17 142 85
17 151 33
17 156 65
17 159 52
17 178 10
17 184 47
17 185 57
18 21 13
18 25 29
18 40 62
18 48 69
18 50 5
18 53 71
18 62 14
18 66 31
18 68 74
18 70 48
18 72 65
18 77 56
18 82 35
18 85 50
18 87 25
18 88 10
18 93 54
18 99 38
18 106 73
18 109 17
18 110 66
18 112 67
18 123 85
18 127 71
18 140 97
18 153 40
18 162 40
18 165 41
18 171 55
18 177 69
18 182 62
18 188 25
18 191 34
18 197 22
19 21 96
19 24 32
19 25 3
19 28 43
19 33 45
19 38 8
19 54 19
19 69 51
19 83 99
19 92 11
19 96 29
19 99 32
19 100 100
19 101 3
19 108 7
19 109 19
19 111 16
19 113 82
19 117 56
19 137 15
19 140 64
19 143 77
19 144 40
19 165 2
19 170 15
19 173 41
19 178 93
19 180 50
19 182 21
19 186 10
19 194 71
20 25 59
20 41 93
20 42 87
20 45 12
20 50 17
20 57 87
20 59 98
20 61 66
20 62 90
20 63 92
20 75 71
20 81 43
20 85 23
20 88 61
20 93 16
20 95 99
20 109 32
20 110 50
20 114 62
20 123 39
20 125 89
20 127 5
20 132 29
20 139 50
20 142 34
20 154 5
20 163 88
20 167 84
20 169 11
20 171 25
20 189 3
20 193 86
20 195 31
20 196 77
21 25 82
21 26 52
21 45 49
21 46 49
21 47 26
21 49 50
21 52 56
21 64 47
21 65 78
21 67 73
21 92 60
21 93 31
21 97 56
21 99 90
21 101 24
21 105 14
21 108 79
21 110 100
21 113 100
21 115 44
21 122 71
21 130 79
21 134 61
21 143 92
21 144 28
21 151 14
21 156 54
21 163 15
21 164 65
21 166 52
21 167 94
21 169 20
21 170 95
21 180 99
21 183 36
21 186 82
21 187 83
21 188 23
21 193 34
22 28 7
22 38 53
22 39 10
22 40 7
22 41 68
22 42 9
22 54 33
22 62 23
22 72 75
22 89 7
22 92 37
22 93 1
22 103 85
22 108 74
22 112 9
22 114 20
22 119 93
22 130 83
22 133 48
22 134 82
22 139 44
22 157 76
22 160 93
22 163 57
22 166 54
22 189 66
22 193 99
22 195 10
23 32 43
23 34 9
23 39 23
23 43 58
23 50 27
23 56 59
23 60 38
23 61 15
23 64 62
23 66 64
23 69 57
23 75 6
23 79 16
23 85 24
23 88 4
23 94 1
23 95 59
23 98 3
23 99 66
23 104 3
23 113 99
23 118 87
23 119 3
23 123 16
23 124 53
23 125 94
23 129 12
23 135 14
23 138 78
23 139 90
23 140 37
23 154 46
23 163 38
23 172 48
23 173 77
23 179 13
23 181 50
23 183 72
23 191 100
23 192 62
23 194 30
24 26 82
24 30 47
24 35 65
24 39 53
24 40 3
24 43 83
24 56 98
24 59 84
24 61 94
24 69 53
24 73 10
24 82 54
24 83 22
24 90 68
24 108 90
24 111 56
24 116 51
24 131 41
24 135 58
24 137 40
24 144 92
24 146 37
24 147 47
24 157 59
24 162 97
24 163 69
24 166 86
24 167 31
24 187 19
24 191 86
24 195 43
24 197 63
25 26 21
25 28 85
25 34 10
25 41 50
25 42 5
25 44 67
25 49 86
25 58 59
25 62 41
25 66 57
25 72 32
25 82 7
25 84 57
25 91 51
25 92 50
25 102 19
25 104 4
25 110 16
25 120 98
25 121 41
25 123 70
25 125 87
25 126 48
25 133 26
25 146 71
25 156 18
25 158 11
25 160 76
25 171 12
25 176 91
25 184 67
25 187 66
25 193 75
26 30 41
26 34 37
26 35 95
26 41 30
26 46 29
26 49 65
26 58 27
26 59 34
26 65 27
26 68 76
26 81 6
26 84 13
26 91 66
26 126 82
26 128 49
26 133 22
26 136 81
26 139 57
26 141 79
26 144 80
26 150 50
26 154 56
26 161 1
26 162 6
26 164 51
26 165 9
26 171 59
26 181 17
26 190 79
26 195 93
26 199 14
27 32 63
27 34 33
27 44 50
27 46 86
27 58 52
27 61 72
27 70 32
27 73 75
27 75 50
27 77 89
27 89 25
27 93 80
27 96 7
27 100 77
27 107 64
27 126 82
27 129 48
27 133 54
27 141 80
27 153 39
27 154 95
27 155 89
27 156 25
27 163 34
27 169 52
27 170 39
27 172 2
27 179 14
27 184 6
27 185 32
27 186 3
27 191 29
28 31 97
28 32 23
28 37 26
28 47 28
28 50 50
28 51 64
28 52 14
28 57 71
28 67 59
28 71 36
28 76 92
28 99 50
28 101 53
28 103 63
28 108 60
28 109 59
28 112 17
28 118 54
28 119 27
28 121 5
28 125 95
28 134 13
28 138 96
28 141 3
28 142 16
28 143 26
28 149 31
28 152 24
28 158 5
28 163 99
28 164 99
28 171 34
28 177 57
28 180 1
28 181 58
28 184 55
28 194 35
28 195 38
29 32 35
29 49 80
29 52 41
29 53 95
29 58 66
29 74 57
29 75 11
29 77 4
29 89 92
29 96 35
29 97 88
29 106 84
29 115 30
29 119 98
29 124 48
29 131 51
29 137 19
29 145 54
29 149 61
29 150 66
29 157 42
29 159 89
29 161 84
29 164 17
29 167 70
29 175 43
29 189 56
29 191 18
29 192 15
29 196 81
30 32 46
30 36 42
30 45 88
30 46 93
30 48 3
30 60 56
30 61 12
30 65 20
30 71 5
30 74 4
30 80 80
30 82 55
30 86 47
30 92 96
30 110 13
30 116 34
30 125 84
30 128 45
30 138 24
30 141 96
30 142 59
30 143 89
30 146 100
30 147 56
30 161 63
30 162 62
30 168 91
30 169 32
30 176 78
30 179 52
30 183 20
30 184 61
30 193 62
30 194 14
31 32 55
31 34 60
31 43 43
31 48 52
31 49 50
31 51 27
31 55 31
31 60 84
31 63 55
31 64 79
31 71 47
31 73 62
31 74 44
31 75 97
31 77 29
31 78 12
31 82 24
31 85 34
31 95 86
31 98 53
31 101 83
31 102 55
31 106 50
31 123 5
31 125 79
31 135 6
31 143 32
31 155 68
31 164 8
31 169 27
31 170 12
31 183 72
31 189 31
32 35 94
32 36 51
32 41 36
32 42 85
32 46 76
32 47 86
32 54 17
32 57 21
32 64 15
32 66 52
32 69 89
32 71 49
32 73 100
32 83 15
32 95 77
32 96 43
32 97 35
32 100 52
32 103 7
32 104 82
32 113 80
32 120 48
32 124 45
32 128 36
32 133 9
32 135 51
32 144 71
32 145 78
32 148 27
32 150 41
32 153 97
32 154 99
32 166 63
32 173 26
32 177 31
32 178 35
32 187 22
32 197 87
33 35 86
33 42 76
33 43 14
33 51 12
33 52 10
33 59 30
33 68 75
33 76 91
33 80 78
33 85 61
33 88 43
33 91 73
33 96 29
33 109 7
33 117 75
33 122 31
33 123 49
33 124 58
33 130 5
33 151 31
33 154 99
33 158 3
33 169 41
33 175 57
33 179 7
33 180 35
33 181 58
33 186 98
33 188 64
33 193 23
33 194 10
33 195 36
33 196 58
34 35 56
34 36 42
34 37 46
34 55 45
34 61 30
34 65 49
34 67 80
34 83 66
34 94 92
34 95 13
34 100 13
34 105 2
34 109 56
34 126 17
34 129 10
34 132 22
34 134 33
34 144 28
34 147 24
34 149 26
34 150 4
34 154 10
34 162 99
34 176 31
34 178 73
34 190 97
34 191 70
34 192 13
35 36 47
35 40 86
35 52 44
35 60 34
35 63 23
35 66 94
35 72 47
35 74 45
35 82 81
35 102 37
35 105 46
35 106 2
35 117 96
35 120 85
35 131 24
35 137 82
35 138 15
35 139 4
35 142 14
35 146 74
35 151 29
35 152 48
35 155 99
35 156 89
35 157 59
35 162 53
35 163 75
35 167 6
35 172 1
35 178 77
35 179 40
35 181 32
35 196 47
36 37 27
36 40 82
36 42 91
36 49 69
36 55 5
36 70 78
36 72 9
36 79 60
36 83 67
36 85 46
36 86 73
36 87 67
36 88 89
36 90 74
36 105 44
36 112 37
36 113 48
36 115 16
36 118 35
36 125 67
36 133 37
36 141 3
36 143 63
36 154 21
36 155 91
36 162 66
36 163 60
36 165 5
36 184 79
36 185 48
36 190 24
37 59 5
37 62 94
37 68 51
37 69 81
37 81 81
37 83 51
37 100 71
37 107 16
37 109 60
37 112 86
37 114 68
37 115 11
37 118 72
37 122 83
37 131 93
37 133 26
37 141 90
37 142 100
37 144 55
37 161 2
37 169 37
37 170 79
37 178 38
37 182 68
37 197 60
38 39 60
38 45 92
38 53 94
38 54 20
38 55 24
38 56 84
38 60 74
38 64 40
38 72 37
38 80 6
38 85 34
38 88 74
38 93 15
38 95 100
38 100 9
38 104 20
38 105 21
38 109 84
38 111 77
38 119 13
38 123 5
38 125 76
38 132 58
38 152 82
38 175 97
38 179 5
38 183 87
38 187 48
38 198 29
39 45 72
39 48 60
39 56 38
39 57 69
39 65 48
39 66 66
39 68 9
39 70 68
39 77 70
39 80 12
39 81 82
39 84 19
39 99 61
39 102 88
39 103 53
39 108 34
39 109 96
39 112 22
39 123 53
39 126 46
39 135 42
39 146 70
39 153 64
39 156 40
39 159 70
39 168 7
39 171 94
39 177 100
39 182 39
39 188 27
39 192 21
39 194 87
40 42 12
40 43 72
40 46 45
40 48 22
40 53 25
40 65 13
40 67 58
40 68 81
40 80 72
40 87 22
40 89 31
40 91 56
40 100 61
40 105 66
40 109 6
40 111 75
40 115 88
40 123 67
40 124 16
40 128 51
40 133 52
40 150 50
40 158 59
40 159 57
40 162 93
40 163 81
40 177 45
40 181 69
40 184 49
40 185 23
40 186 95
40 188 71
40 192 38
40 194 45
41 45 64
41 46 12
41 73 84
41 75 54
41 89 99
41 92 95
41 96 49
41 98 65
41 101 85
41 102 77
41 104 63
41 109 45
41 116 97
41 121 92
41 127 70
41 130 8
41 136 67
41 143 24
41 145 27
41 147 55
41 152 4
41 158 10
41 166 85
41 174 44
41 175 59
41 176 45
41 189 100
41 191 4
41 193 3
42 43 67
42 47 80
42 51 79
42 57 32
42 58 50
42 59 47
42 63 63
42 66 65
42 69 37
42 75 74
42 102 97
42 105 50
42 106 67
42 109 5
42 111 87
42 112 67
42 117 57
42 119 51
42 125 83
42 127 83
42 142 42
42 143 61
42 152 40
42 153 23
42 156 88
42 157 77
42 161 38
42 168 76
42 177 17
42 185 75
42 193 18
42 198 2
43 50 75
43 56 76
43 61 33
43 71 95
43 72 92
43 76 70
43 80 96
43 86 70
43 95 47
43 96 2
43 100 42
43 107 96
43 116 34
43 125 36
43 135 55
43 141 5
43 158 35
43 159 46
43 164 46
43 166 36
43 167 41
43 169 61
43 170 48
43 179 56
43 192 40
43 193 61
43 198 11
43 199 56
44 47 95
44 48 23
44 59 56
44 63 69
44 66 68
44 82 82
44 83 78
44 84 32
44 86 84
44 89 27
44 92 7
44 93 62
44 99 70
44 111 77
44 114 53
44 118 79
44 125 68
44 127 15
44 129 94
44 142 89
44 148 47
44 151 58
44 153 81
44 155 39
44 157 59
44 163 22
44 166 87
44 171 65
44 179 67
44 199 25
45 47 48
45 52 20
45 65 33
45 75 98
45 78 50
45 82 65
45 84 97
45 86 75
45 93 10
45 94 50
45 95 60
45 102 84
45 108 51
45 114 32
45 119 15
45 120 36
45 123 11
45 129 82
45 136 85
45 137 84
45 138 19
45 140 21
45 141 96
45 143 95
45 146 35
45 148 86
45 152 80
45 158 16
45 167 15
45 175 65
45 180 51
45 185 31
45 190 11
45 195 71
45 196 6
46 52 42
46 62 67
46 63 75
46 68 81
46 70 94
46 75 36
46 84 34
46 87 94
46 92 19
46 97 28
46 99 35
46 103 88
46 116 83
46 126 100
46 130 38
46 132 16
46 140 47
46 149 76
46 159 94
46 161 2
46 163 72
46 169 99
46 185 74
46 189 86
46 191 66
46 198 55
47 52 22
47 56 67
47 57 94
47 62 1
47 68 14
47 72 21
47 74 62
47 79 51
47 80 2
47 88 49
47 92 44
47 94 2
47 97 73
47 109 50
47 115 4
47 117 63
47 121 48
47 128 40
47 135 2
47 137 58
47 139 91
47 140 74
47 168 39
47 172 97
47 174 5
47 176 3
47 177 63
47 179 66
47 186 43
47 193 30
48 51 10
48 58 42
48 64 5
48 66 21
48 68 92
48 75 70
48 81 79
48 83 45
48 90 37
48 99 30
48 101 73
48 103 90
48 105 19
48 115 48
48 117 65
48 119 6
48 125 95
48 145 53
48 156 51
48 163 6
48 164 45
48 165 48
48 169 26
48 170 21
48 172 9
48 175 74
48 180 69
48 184 65
48 192 99
48 195 98
48 197 25
49 50 8
49 52 68
49 55 96
49 58 33
49 59 60
49 61 47
49 62 41
49 68 97
49 71 80
49 72 36
49 73 37
49 83 70
49 94 92
49 95 22
49 98 39
49 109 99
49 114 69
49 117 52
49 126 5
49 136 85
49 139 80
49 149 37
49 150 49
49 151 52
49 163 10
49 164 60
49 172 6
49 173 18
49 180 84
49 182 17
49 183 22
49 184 72
49 186 71
49 189 39
50 52 2
50 58 19
50 61 29
50 70 40
50 72 37
50 78 93
50 85 85
50 91 94
50 96 63
50 103 28
50 106 8
50 110 36
50 116 45
50 117 32
50 122 56
50 125 7
50 126 78
50 131 30
50 137 80
50 138 92
50 141 90
50 146 96
50 147 47
50 149 47
50 152 43
50 157 49
50 160 39
50 166 45
50 178 51
50 180 47
50 182 62
50 183 55
50 184 24
50 188 86
50 196 82
51 52 97
51 53 7
51 57 72
51 62 82
51 69 8
51 73 79
51 76 93
51 77 40
51 87 1
51 99 67
51 106 57
51 108 75
51 114 98
51 116 68
51 117 51
51 119 71
51 122 23
51 123 23
51 125 68
51 126 72
51 133 47
51 137 96
51 138 14
51 140 87
51 142 24
51 144 89
51 147 60
51 148 21
51 151 40
51 160 84
51 163 68
51 183 32
51 187 52
51 188 66
52 53 27
52 64 52
52 68 81
52 72 12
52 74 79
52 82 5
52 83 33
52 84 35
52 87 7
52 88 16
52 92 83
52 102 40
52 109 73
52 120 63
52 139 42
52 155 62
52 157 35
52 159 56
52 175 10
52 176 85
52 177 91
52 182 80
52 187 9
52 189 76
52 190 39
52 191 59
52 197 29
52 199 80
53 54 78
53 57 87
53 64 41
53 71 59
53 73 20
53 88 24
53 93 37
53 101 16
53 103 39
53 115 33
53 116 12
53 124 46
53 125 71
53 135 98
53 138 67
53 141 15
53 144 52
53 149 96
53 151 13
53 164 78
53 168 76
53 169 57
53 176 9
53 178 99
53 182 21
53 192 50
54 58 95
54 62 54
54 73 91
54 74 88
54 75 7
54 80 60
54 96 96
54 100 37
54 102 20
54 107 65
54 108 85
54 113 82
54 114 20
54 115 55
54 120 56
54 121 51
54 123 78
54 124 71
54 127 30
54 129 12
54 141 53
54 146 66
54 155 71
54 156 56
54 162 74
54 165 81
54 172 79
54 181 54
54 184 96
54 195 91
54 196 52
55 56 19
55 57 86
55 63 4
55 66 38
55 69 73
55 82 72
55 84 77
55 87 24
55 91 21
55 94 16
55 97 31
55 105 76
55 107 31
55 113 76
55 130 30
55 138 82
55 140 45
55 144 53
55 145 22
55 149 80
55 152 48
55 162 35
55 168 32
55 181 15
55 184 84
55 188 39
55 191 91
56 59 62
56 61 14
56 62 69
56 69 34
56 74 50
56 76 36
56 85 74
56 108 11
56 111 16
56 118 8
56 120 74
56 121 100
56 122 56
56 129 71
56 131 65
56 133 95
56 135 51
56 136 15
56 142 14
56 148 100
56 150 13
56 158 92
56 164 30
56 170 30
56 183 10
56 191 76
56 198 36
56 199 3
57 62 71
57 66 21
57 72 63
57 75 54
57 82 21
57 84 59
57 86 25
57 87 73
57 89 39
57 91 50
57 102 59
57 104 7
57 109 8
57 110 35
57 111 1
57 113 12
57 115 92
57 116 54
57 120 2
57 121 51
57 122 32
57 123 19
57 125 94
57 140 11
57 146 16
57 160 59
57 162 82
57 165 81
57 168 88
57 169 87
57 178 16
57 179 31
57 184 42
57 188 77
57 190 25
57 196 52
58 65 13
58 69 81
58 73 20
58 75 2
58 77 1
58 85 82
58 86 3
58 93 57
58 95 12
58 98 33
58 99 92
58 100 27
58 102 97
58 103 60
58 111 41
58 112 69
58 117 57
58 119 29
58 137 83
58 149 68
58 153 68
58 159 21
58 160 58
58 161 42
58 165 39
58 170 32
58 178 55
58 181 67
58 186 47
58 187 93
58 199 10
59 65 23
59 66 64
59 67 10
59 68 79
59 78 51
59 79 52
59 84 69
59 96 84
59 110 16
59 114 90
59 119 3
59 120 43
59 122 58
59 124 19
59 127 4
59 132 72
59 137 63
59 145 69
59 147 57
59 148 10
59 153 59
59 166 8
59 173 2
59 179 61
59 181 94
59 182 91
59 184 89
59 189 7
59 195 21
60 63 28
60 65 80
60 66 48
60 70 55
60 71 59
60 74 6
60 77 40
60 81 40
60 83 97
60 88 69
60 92 46
60 98 29
60 99 91
60 102 78
60 111 29
60 122 33
60 123 33
60 128 94
60 132 66
60 134 47
60 141 84
60 146 17
60 147 64
60 154 44
60 155 58
60 157 25
60 167 23
60 171 88
60 182 27
60 183 60
60 185 15
60 189 31
60 190 80
60 191 59
60 192 87
60 194 21
60 196 61
60 197 38
61 71 16
61 73 27
61 75 69
61 79 33
61 80 89
61 92 77
61 94 46
61 96 14
61 102 89
61 103 54
61 107 47
61 111 83
61 115 79
61 120 42
61 121 70
61 124 86
61 125 67
61 131 98
61 141 47
61 142 42
61 152 43
61 153 4
61 169 78
61 176 99
61 179 2
61 186 66
61 189 100
61 190 54
61 191 38
61 192 2
61 197 92
62 69 59
62 71 14
62 76 75
62 94 99
62 98 19
62 102 93
62 105 70
62 110 94
62 112 68
62 115 70
62 122 95
62 123 51
62 125 93
62 133 94
62 146 48
62 147 59
62 163 47
62 168 73
62 179 17
62 183 27
62 188 13
62 193 99
62 198 80
62 199 57
63 68 95
63 69 79
63 72 93
63 79 87
63 86 68
63 90 87
63 94 9
63 98 54
63 102 10
63 103 4
63 108 84
63 119 84
63 134 45
63 135 67
63 137 50
63 141 65
63 145 69
63 150 2
63 158 57
63 162 67
63 164 18
63 165 53
63 169 79
63 196 95
64 67 27
64 71 60
64 79 100
64 97 43
64 103 34
64 113 69
64 114 34
64 129 50
64 132 11
64 133 10
64 137 74
64 146 78
64 148 31
64 150 22
64 155 65
64 160 87
64 167 57
64 170 17
64 172 84
64 184 90
64 186 30
64 194 23
65 74 90
65 75 15
65 78 55
65 82 24
65 84 56
65 90 34
65 91 47
65 99 24
65 108 25
65 113 75
65 118 25
65 122 93
65 125 70
65 128 47
65 131 41
65 135 21
65 136 55
65 139 15
65 143 53
65 147 65
65 154 77
65 159 17
65 160 55
65 170 87
65 172 44
65 181 38
65 184 19
65 187 2
65 191 90
65 198 100
66 68 93
66 71 39
66 72 50
66 77 88
66 83 13
66 92 7
66 94 74
66 96 77
66 98 18
66 103 30
66 126 87
66 127 46
66 130 46
66 133 27
66 137 79
66 140 19
66 141 1
66 144 76
66 150 66
66 153 38
66 154 88
66 155 29
66 158 56
66 168 57
66 170 96
66 174 95
66 176 53
66 183 74
66 184 12
66 186 40
66 187 56
66 188 93
66 194 17
67 74 5
67 78 77
67 90 48
67 97 51
67 99 61
67 102 88
67 105 22
67 112 44
67 114 60
67 115 46
67 116 99
67 118 12
67 122 28
67 131 71
67 136 87
67 138 83
67 139 49
67 146 30
67 147 4
67 150 74
67 151 51
67 158 92
67 167 80
67 169 13
67 175 98
67 176 61
67 183 97
67 184 40
67 185 89
67 195 82
67 197 40
67 198 12
68 72 87
68 73 67
68 74 41
68 75 9
68 85 3
68 90 63
68 100 17
68 108 44
68 117 97
68 126 75
68 130 59
68 136 42
68 147 37
68 157 84
68 164 87
68 170 65
68 179 67
68 183 75
68 193 23
68 194 82
68 195 25
68 198 97
69 72 55
69 74 8
69 77 63
69 81 18
69 83 85
69 86 97
69 94 70
69 102 50
69 113 66
69 115 81
69 118 28
69 138 84
69 139 20
69 140 97
69 146 76
69 148 61
69 149 35
69 157 51
69 158 96
69 161 89
69 162 16
69 173 78
69 183 97
69 197 29
70 72 48
70 74 11
70 79 58
70 81 5
70 82 47
70 84 69
70 85 12
70 86 89
70 92 81
70 94 50
70 97 3
70 101 35
70 107 54
70 109 46
70 114 84
70 120 43
70 123 50
70 129 9
70 130 95
70 131 61
70 140 66
70 160 86
70 163 40
70 169 3
70 175 70
70 188 97
70 198 17
71 73 11
71 74 78
71 76 74
71 78 32
71 85 44
71 87 58
71 89 45
71 93 32
71 106 58
71 109 22
71 113 43
71 114 70
71 117 46
71 133 36
71 152 61
71 154 93
71 162 24
71 181 52
71 191 14
71 194 2
72 73 1
72 74 72
72 76 4
72 83 35
72 88 13
72 95 96
72 99 79
72 106 75
72 123 56
72 127 33
72 128 14
72 134 95
72 136 80
72 142 46
72 144 52
72 147 79
72 150 79
72 155 65
72 162 69
72 173 2
72 179 67
72 182 65
72 185 26
72 187 3
72 191 97
72 192 1
72 193 50
73 74 54
73 75 59
73 76 96
73 77 65
73 80 97
73 82 76
73 88 5
73 90 84
73 91 24
73 92 45
73 100 34
73 101 46
73 108 54
73 123 24
73 130 11
73 146 54
73 151 85
73 159 92
73 162 40
73 163 35
73 164 25
73 166 27
73 178 89
73 181 5
73 191 62
74 79 24
74 84 97
74 87 66
74 88 49
74 90 47
74 100 22
74 101 88
74 104 38
74 106 19
74 109 62
74 113 33
74 116 71
74 117 83
74 120 10
74 126 77
74 127 28
74 141 45
74 142 8
74 145 99
74 149 71
74 151 56
74 160 75
74 161 25
74 162 14
74 168 65
74 170 48
74 171 14
74 172 89
74 175 45
74 185 56
74 186 12
74 187 31
74 189 86
75 78 61
75 83 46
75 94 54
75 98 1
75 99 84
75 103 35
75 118 48
75 121 99
75 125 29
75 129 34
75 132 37
75 139 70
75 141 95
75 143 36
75 155 94
75 162 36
75 169 45
75 179 88
75 189 88
75 191 73
75 192 19
75 198 26
76 81 21
76 82 12
76 86 15
76 87 88
76 91 70
76 92 19
76 113 12
76 117 11
76 118 85
76 119 85
76 122 16
76 127 58
76 128 31
76 132 47
76 147 44
76 149 39
76 150 5
76 151 93
76 152 76
76 157 83
76 160 7
76 164 57
76 165 35
76 166 91
76 168 57
76 172 4
76 173 10
76 174 54
76 178 27
76 180 34
76 182 4
76 186 57
76 187 43
76 188 4
76 199 71
77 84 56
77 86 100
77 87 80
77 95 96
77 101 10
77 105 73
77 119 76
77 124 61
77 125 83
77 128 77
77 144 67
77 148 11
77 149 5
77 158 53
77 164 56
77 173 28
77 176 8
77 178 54
77 184 78
77 191 11
77 194 87
77 196 11
78 80 93
78 84 26
78 87 71
78 103 23
78 106 73
78 108 90
78 114 40
78 120 62
78 121 30
78 135 48
78 136 18
78 139 90
78 150 79
78 152 49
78 160 25
78 167 60
78 169 57
78 170 99
78 171 34
78 173 41
78 175 22
78 187 74
78 194 44
79 92 97
79 97 81
79 99 60
79 102 85
79 104 98
79 109 43
79 113 79
79 118 78
79 121 30
79 123 30
79 127 19
79 130 43
79 133 92
79 137 79
79 147 47
79 149 98
79 158 74
79 161 100
79 162 82
79 173 48
79 174 95
79 176 68
79 177 45
79 195 44
79 197 72
80 87 63
80 88 36
80 93 19
80 95 74
80 96 50
80 98 66
80 102 48
80 108 27
80 115 29
80 116 68
80 125 48
80 130 38
80 133 18
80 135 36
80 139 21
80 140 45
80 142 63
80 144 48
80 151 14
80 154 71
80 163 3
80 172 20
80 173 67
80 180 6
80 183 47
80 192 99
80 197 96
81 82 76
81 86 87
81 95 27
81 97 64
81 117 90
81 118 21
81 127 61
81 131 18
81 133 100
81 134 18
81 136 60
81 142 86
81 144 41
81 151 61
81 155 40
81 179 72
81 186 62
81 187 26
81 193 84
81 195 75
81 198 58
82 85 97
82 90 39
82 98 99
82 103 94
82 106 54
82 109 48
82 111 73
82 112 15
82 113 19
82 114 77
82 115 2
82 125 92
82 131 95
82 132 94
82 143 77
82 147 60
82 155 18
82 158 39
82 167 42
82 171 90
82 174 74
82 175 36
82 178 5
82 184 87
82 193 84
83 86 42
83 88 45
83 89 16
83 92 77
83 101 79
83 103 66
83 104 66
83 106 16
83 108 75
83 110 45
83 113 9
83 123 43
83 137 81
83 139 96
83 142 55
83 152 36
83 158 32
83 160 41
83 167 4
83 170 16
83 181 81
83 183 86
83 184 54
83 192 87
83 195 44
83 199 52
84 87 91
84 90 100
84 96 94
84 100 98
84 103 13
84 110 58
84 114 22
84 117 52
84 128 31
84 135 27
84 142 98
84 143 2
84 161 54
84 168 24
84 170 54
84 173 12
84 174 33
84 179 54
84 182 53
84 187 96
84 189 1
84 190 14
84 199 8
85 90 24
85 94 10
85 95 37
85 96 34
85 103 98
85 109 68
85 117 17
85 124 74
85 134 95
85 135 81
85 138 70
85 151 7
85 154 30
85 157 97
85 162 54
85 163 21
85 165 45
85 168 4
85 170 81
85 176 10
85 180 45
85 188 86
85 192 7
85 193 28
85 195 37
85 197 98
86 89 79
86 98 84
86 99 18
86 112 24
86 113 37
86 115 61
86 123 64
86 125 28
86 136 51
86 137 63
86 141 2
86 143 52
86 149 68
86 161 4
86 162 58
86 163 70
86 170 51
86 182 95
86 185 99
86 188 60
86 189 84
86 192 37
86 194 36
86 195 51
86 196 26
87 93 60
87 94 16
87 106 37
87 112 98
87 113 15
87 120 29
87 123 9
87 126 90
87 130 37
87 132 23
87 134 49
87 136 61
87 138 27
87 141 6
87 143 92
87 144 21
87 157 65
87 160 89
87 169 62
87 177 79
87 182 48
87 189 54
88 89 93
88 91 21
88 94 80
88 98 100
88 99 30
88 101 47
88 105 14
88 112 46
88 119 72
88 131 42
88 137 52
88 150 97
88 154 19
88 163 41
88 164 86
88 179 66
88 183 36
88 186 47
88 189 60
88 190 7
88 195 14
88 197 23
88 198 71
88 199 74
89 90 68
89 96 46
89 108 12
89 110 58
89 111 46
89 112 50
89 114 24
89 116 11
89 123 32
89 128 78
89 130 24
89 134 66
89 137 91
89 143 27
89 155 12
89 165 52
89 166 57
89 170 36
89 174 26
89 176 96
89 177 39
89 185 96
89 195 16
89 196 75
90 94 19
90 100 64
90 106 95
90 111 70
90 121 46
90 123 72
90 124 7
90 126 88
90 135 50
90 137 38
90 138 1
90 141 15
90 151 8
90 160 100
90 169 52
90 173 70
90 174 69
90 187 12
90 190 4
90 192 84
90 193 43
91 93 18
91 96 28
91 97 59
91 106 83
91 112 32
91 115 18
91 117 46
91 119 42
91 127 80
91 130 84
91 132 59
91 141 60
91 147 51
91 160 33
91 169 80
91 176 100
91 179 33
91 182 51
91 191 97
91 198 72
92 93 36
92 98 87
92 108 45
92 109 46
92 117 64
92 127 81
92 134 63
92 140 38
92 145 40
92 149 82
92 151 46
92 155 11
92 159 94
92 164 23
92 169 18
92 171 69
92 175 57
92 177 37
92 178 100
92 183 5
92 192 15
92 196 55
93 100 38
93 101 58
93 108 21
93 109 3
93 114 71
93 116 6
93 117 42
93 118 81
93 119 41
93 128 2
93 142 6
93 148 79
93 157 10
93 158 48
93 162 75
93 163 72
93 164 12
93 167 69
93 169 51
93 177 24
93 179 67
93 181 35
93 188 10
93 199 28
94 101 79
94 103 74
94 118 78
94 121 14
94 123 33
94 125 17
94 126 69
94 134 22
94 143 67
94 147 35
94 164 57
94 168 35
94 170 82
94 171 47
94 182 47
94 183 9
94 192 49
94 194 15
94 197 26
95 98 90
95 100 19
95 101 30
95 105 44
95 106 18
95 109 90
95 112 32
95 115 39
95 116 11
95 119 8
95 120 3
95 125 38
95 137 70
95 138 36
95 143 77
95 146 58
95 148 17
95 152 93
95 155 13
95 159 64
95 162 13
95 167 97
95 175 5
95 189 10
95 198 73
95 199 62
96 104 58
96 112 73
96 118 79
96 121 13
96 128 42
96 131 21
96 142 61
96 148 12
96 154 50
96 162 60
96 173 25
96 176 60
96 179 95
96 184 97
96 192 41
96 197 60
97 100 74
97 103 36
97 104 85
97 105 53
97 112 72
97 115 31
97 117 93
97 120 43
97 130 9
97 133 80
97 139 8
97 142 1
97 147 61
97 150 81
97 166 65
97 173 30
97 174 11
97 179 53
97 185 52
97 189 41
97 198 31
98 119 53
98 130 73
98 131 94
98 138 83
98 142 1
98 144 28
98 149 20
98 151 54
98 153 13
98 160 32
98 172 2
98 175 50
98 178 51
98 179 17
98 193 92
99 103 48
99 120 31
99 122 39
99 124 36
99 125 24
99 126 75
99 130 6
99 132 8
99 133 70
99 139 68
99 144 66
99 157 60
99 159 23
99 169 52
99 178 82
99 181 67
99 182 29
99 183 14
99 185 14
99 190 64
100 106 4
100 110 85
100 113 11
100 116 27
100 121 13
100 130 5
100 136 16
100 137 51
100 140 10
100 141 78
100 142 95
100 151 72
100 153 28
100 157 35
100 158 4
100 159 26
100 169 60
100 170 92
100 174 61
100 181 85
100 183 41
100 194 57
100 196 12
100 197 38
101 111 43
101 113 85
101 115 22
101 120 38
101 121 31
101 123 89
101 124 72
101 129 96
101 130 18
101 131 12
101 132 20
101 135 85
101 138 79
101 141 14
101 143 40
101 147 46
101 149 15
101 152 41
101 154 97
101 163 49
101 167 42
101 170 34
101 180 92
101 181 11
101 192 64
101 194 44
102 108 1
102 113 36
102 127 70
102 135 20
102 137 50
102 144 46
102 147 2
102 151 64
102 152 23
102 159 36
102 161 51
102 163 56
102 164 21
102 165 7
102 167 11
102 168 83
102 170 87
102 173 34
102 174 62
102 177 54
102 178 66
102 179 89
102 180 48
102 189 15
102 197 53
103 106 69
103 111 95
103 114 39
103 118 59
103 119 69
103 128 61
103 132 64
103 135 29
103 137 55
103 138 37
103 140 67
103 145 2
103 151 92
103 155 19
103 156 43
103 165 7
103 168 73
103 169 32
103 170 33
103 173 99
103 179 50
103 191 61
103 196 65
103 198 6
104 105 52
104 116 92
104 131 32
104 132 35
104 133 88
104 148 84
104 150 88
104 160 8
104 163 53
104 166 84
104 171 18
104 186 59
104 187 95
104 188 69
104 189 68
104 193 58
105 117 82
105 125 32
105 136 67
105 139 73
105 145 14
105 154 57
105 164 66
105 165 3
105 168 41
105 169 64
105 172 9
105 185 65
105 195 30
106 116 83
106 122 33
106 126 32
106 129 91
106 133 50
106 141 70
106 147 48
106 156 59
106 157 87
106 164 89
106 174 11
106 190 77
106 195 97
107 110 91
107 113 73
107 126 85
107 127 84
107 130 93
107 131 66
107 133 21
107 134 42
107 140 75
107 141 86
107 149 12
107 153 57
107 157 30
107 160 86
107 163 76
107 170 43
107 174 14
107 179 39
107 190 35
107 195 47
107 197 51
107 198 73
108 114 69
108 116 87
108 123 15
108 131 100
108 134 2
108 138 5
108 141 62
108 150 35
108 156 90
108 157 2
108 170 98
108 172 54
108 173 53
108 178 2
108 184 2
108 191 68
108 194 91
108 195 49
108 196 17
108 198 11
109 114 84
109 118 47
109 119 17
109 125 51
109 126 43
109 132 72
109 135 6
109 144 54
109 150 53
109 155 55
109 158 62
109 162 49
109 165 48
109 170 57
109 175 86
109 176 95
109 187 82
109 190 39
109 191 77
109 193 38
109 197 9
110 111 75
110 116 27
110 121 99
110 122 75
110 133 57
110 134 39
110 136 55
110 144 44
110 150 83
110 163 66
110 166 30
110 167 20
110 169 91
110 172 43
110 177 6
110 182 16
110 183 61
110 186 15
110 195 31
110 198 78
111 120 70
111 121 14
111 126 69
111 128 85
111 135 59
111 146 29
111 154 94
111 184 22
111 189 43
111 190 10
111 192 77
111 197 69
111 199 8
112 129 98
112 138 25
112 139 80
112 159 63
112 169 28
112 172 47
112 175 11
112 180 10
112 182 94
112 186 83
112 188 89
112 193 90
113 115 11
113 128 59
113 131 3
113 136 37
113 140 7
113 151 2
113 154 87
113 160 37
113 167 49
113 169 62
113 171 69
113 182 47
113 189 56
113 190 53
113 195 62
113 199 98
114 115 41
114 120 30
114 121 11
114 128 24
114 146 17
114 153 71
114 158 94
114 162 47
114 163 9
114 164 32
114 166 37
114 174 29
114 178 37
114 179 2
114 188 94
114 189 51
114 196 77
115 118 37
115 119 54
115 128 8
115 134 46
115 142 52
115 152 55
115 158 86
115 160 21
115 163 68
115 164 43
115 166 80
115 171 73
115 177 90
115 182 58
115 183 38
115 184 4
115 187 69
115 192 44
115 193 80
115 194 1
115 196 58
116 117 66
116 118 85
116 123 56
116 126 61
116 136 60
116 150 29
116 154 100
116 155 19
116 156 50
116 157 16
116 159 37
116 162 31
116 164 95
116 166 80
116 169 49
116 177 10
116 179 38
116 181 94
116 188 81
116 198 82
116 199 43
117 118 22
117 122 48
117 124 34
117 131 69
117 140 85
117 142 27
117 144 83
117 148 73
117 149 37
117 152 81
117 153 36
117 156 51
117 159 28
117 162 87
117 174 17
117 178 71
117 184 29
117 190 35
118 119 61
118 120 85
118 127 18
118 135 69
118 138 59
118 146 84
118 152 34
118 153 36
118 161 13
118 166 99
118 169 77
118 171 41
118 180 28
118 181 60
118 187 43
118 189 78
118 191 6
118 199 28
119 120 22
119 126 99
119 137 98
119 140 67
119 150 60
119 151 9
119 157 47
119 158 91
119 172 13
119 174 32
119 178 53
119 183 84
119 192 71
119 199 63
120 130 4
120 140 46
120 147 42
120 148 21
120 154 63
120 155 64
120 157 55
120 160 19
120 171 59
120 173 36
120 180 39
120 183 92
120 185 5
120 186 55
120 188 40
120 190 85
120 194 38
121 124 80
121 130 9
121 137 28
121 145 70
121 146 94
121 152 92
121 153 76
121 154 79
121 169 25
121 171 79
121 174 42
121 179 83
121 192 30
121 195 50
121 198 90
122 131 23
122 132 30
122 134 29
122 137 85
122 143 4
122 146 82
122 149 87
122 151 73
122 153 6
122 156 22
122 157 72
122 160 3
122 169 93
122 170 11
122 171 52
122 175 58
122 176 99
122 181 50
122 184 70
122 188 89
122 199 61
123 125 32
123 128 72
123 136 89
123 139 85
123 141 45
123 147 49
123 153 48
123 154 61
123 161 71
123 162 8
123 172 94
123 175 81
123 176 50
123 179 12
123 181 67
124 127 43
124 128 92
124 130 96
124 132 83
124 136 98
124 139 26
124 144 40
124 145 96
124 147 79
124 151 8
124 153 59
124 156 65
124 161 42
124 163 33
124 174 4
124 180 55
124 181 82
124 186 1
124 194 42
124 195 52
124 196 72
125 126 4
125 132 50
125 138 15
125 146 66
125 147 31
125 157 23
125 158 44
125 167 50
125 171 83
125 177 92
125 183 21
125 191 22
125 192 34
125 193 59
126 129 49
126 131 97
126 141 41
126 146 48
126 147 68
126 153 64
126 154 53
126 160 61
126 169 27
126 179 55
126 185 86
126 186 44
126 192 26
126 193 63
127 129 80
127 135 62
127 140 25
127 142 71
127 144 48
127 150 1
127 151 87
127 154 76
127 161 64
127 163 73
127 172 17
127 173 98
127 180 94
128 132 9
128 135 95
128 137 31
128 152 19
128 155 10
128 157 50
128 158 78
128 163 22
128 164 15
128 166 29
128 186 31
128 187 5
128 188 13
128 189 17
129 130 24
129 132 86
129 151 95
129 153 86
129 157 40
129 158 84
129 162 98
129 167 86
129 177 71
129 182 49
129 185 34
130 139 81
130 140 11
130 144 34
130 147 44
130 151 61
130 154 30
130 155 88
130 170 63
130 171 51
130 175 65
130 182 39
130 186 64
130 190 25
130 191 75
130 192 89
130 197 28
131 134 24
131 137 35
131 144 28
131 146 81
131 153 27
131 155 34
131 160 70
131 162 1
131 168 90
131 171 31
131 172 1
131 179 64
131 191 14
131 192 78
131 195 36
131 197 87
132 135 43
132 141 11
132 149 79
132 157 9
132 165 43
132 172 17
132 183 14
132 190 45
132 199 26
133 134 33
133 137 22
133 144 15
133 146 50
133 154 74
133 169 46
133 176 66
133 178 22
133 187 37
134 135 48
134 141 3
134 143 2
134 153 62
134 163 83
134 164 80
134 167 96
134 180 36
134 183 96
134 188 56
134 194 41
134 196 53
135 138 89
135 153 76
135 154 88
135 157 58
135 159 31
135 173 82
135 174 26
135 179 51
135 181 97
135 187 78
135 189 40
136 142 48
136 144 59
136 152 56
136 158 58
136 166 74
136 172 26
136 173 61
136 174 5
136 184 64
136 185 72
136 187 69
136 191 1
136 192 23
136 194 60
136 197 52
137 138 30
137 141 81
137 142 54
137 144 56
137 145 3
137 149 22
137 150 28
137 156 84
137 160 89
137 163 17
137 167 55
137 168 14
137 169 86
137 171 10
137 175 29
137 178 15
137 181 61
137 184 17
137 186 28
137 189 95
137 190 41
137 196 77
138 146 89
138 153 72
138 155 64
138 156 10
138 173 9
138 180 58
138 186 100
138 189 8
138 199 22
139 142 90
139 162 50
139 169 22
139 183 58
139 186 25
139 194 91
140 141 54
140 144 76
140 150 84
140 152 7
140 154 95
140 161 88
140 163 83
140 165 46
140 166 60
140 169 53
140 170 59
140 176 4
140 177 72
140 178 15
140 186 98
140 187 36
140 188 70
140 191 84
140 194 45
141 143 47
141 151 72
141 153 87
141 157 73
141 158 14
141 167 78
141 184 47
141 191 19
141 194 5
141 195 28
142 148 1
142 151 37
142 154 50
142 155 54
142 160 1
142 162 72
142 165 64
142 167 6
142 174 46
142 197 68
143 145 4
143 152 93
143 156 24
143 164 68
143 177 29
143 179 3
143 182 90
144 146 11
144 154 52
144 157 20
144 164 33
144 175 71
144 179 98
144 181 95
144 184 5
144 191 68
144 193 44
144 198 100
145 148 71
145 150 12
145 152 99
145 153 86
145 164 84
145 168 35
145 175 80
145 176 2
145 177 49
145 178 19
145 181 51
145 198 32
146 148 31
146 155 58
146 157 16
146 166 95
146 167 22
146 182 68
146 187 99
146 189 66
146 190 71
147 148 8
147 150 96
147 154 35
147 162 94
147 167 33
147 170 70
147 171 31
147 186 14
147 192 76
147 194 52
148 152 15
148 153 16
148 173 10
148 174 12
148 179 90
148 183 85
148 185 22
148 192 4
148 193 10
149 152 75
149 165 4
149 176 61
149 180 67
149 181 81
149 184 1
149 193 62
150 158 100
150 160 66
150 163 98
150 173 22
150 180 6
150 182 93
150 194 68
150 197 92
150 199 90
151 153 16
151 158 30
151 160 50
151 171 31
151 175 81
151 177 25
151 178 18
151 184 56
151 197 64
152 153 45
152 158 63
152 162 5
152 176 3
152 177 66
152 179 29
152 180 71
152 182 45
152 183 8
152 184 68
152 192 50
152 194 33
153 159 42
153 171 36
153 176 42
153 177 14
153 186 61
153 196 98
153 197 37
153 199 78
154 161 85
154 162 90
154 163 40
154 166 56
154 171 70
154 177 12
154 184 91
154 194 34
154 198 75
155 158 48
155 168 35
155 173 62
155 174 56
155 175 15
155 185 44
155 186 17
155 187 99
155 189 89
155 191 28
155 193 71
155 194 93
155 197 21
156 157 29
156 161 71
156 167 91
156 170 19
156 179 54
156 187 34
156 196 80
157 161 91
157 180 26
157 184 58
157 195 58
158 161 34
158 172 6
158 179 43
158 180 40
158 184 34
158 188 15
158 190 96
159 165 89
159 168 51
159 172 39
159 176 56
159 184 85
159 186 65
159 188 48
159 197 4
159 199 1
160 166 31
160 168 23
160 171 95
160 174 28
160 176 99
160 184 21
160 185 12
160 187 15
161 169 25
161 173 45
161 175 15
161 184 75
162 165 80
162 166 89
162 170 39
162 171 42
162 172 95
162 189 100
163 168 97
163 173 44
163 174 8
163 181 86
163 182 63
163 186 81
163 189 84
164 165 34
164 178 72
164 189 47
164 193 52
164 199 87
165 171 30
165 178 77
165 181 92
165 182 91
165 184 87
165 185 23
165 188 41
165 189 82
165 197 34
166 167 31
166 179 47
166 187 74
166 193 19
166 195 97
167 173 28
167 183 63
167 185 24
167 192 17
167 193 88
168 175 72
168 177 2
168 191 37
169 171 32
169 174 63
169 176 73
169 184 70
169 188 12
169 189 59
170 178 48
170 181 48
170 182 80
170 187 79
170 188 66
170 190 63
170 193 77
170 194 88
170 196 78
171 173 72
171 182 87
171 188 30
171 189 32
171 192 37
172 173 61
172 175 93
172 176 100
172 182 37
172 187 83
172 198 81
173 182 34
173 193 49
174 180 53
174 183 31
174 188 81
174 196 14
175 189 1
175 198 94
176 178 33
176 186 94
176 187 1
176 188 59
176 197 94
176 199 24
177 181 89
177 182 45
177 183 91
177 185 84
177 189 21
177 191 49
177 194 8
178 180 68
178 189 59
178 193 34
178 196 61
179 180 75
179 187 81
179 188 65
179 189 37
179 193 52
180 187 55
180 192 35
181 182 45
181 185 82
181 197 15
181 198 6
182 183 79
182 188 89
183 190 69
183 191 85
183 196 60
183 198 16
184 187 5
184 194 6
185 186 35
185 194 15
186 187 67
186 188 59
186 190 84
186 193 10
186 197 76
187 197 5
188 190 27
188 196 65
190 195 24
190 196 63
191 199 66
192 195 65
192 197 6
192 198 54
193 198 69
195 197 8
197 198 76
