30
0 1 21
0 9 24
0 13 33
0 14 69
0 16 89
0 17 70
0 20 83
0 22 7
0 24 40
0 26 93
0 28 80
1 2 32
1 3 90
1 5 62
1 13 91
1 14 77
1 17 65
1 23 1
1 26 36
1 28 42
2 3 38
2 5 43
2 15 91
2 17 72
2 24 87
2 27 42
3 5 47
3 7 13
3 8 85
3 9 43
3 11 69
3 14 26
3 15 75
3 16 37
3 17 69
3 24 1
3 27 46
4 8 13
4 10 16
4 14 10
4 19 34
4 21 92
4 27 18
4 28 81
5 7 37
5 9 51
5 12 98
5 13 17
5 16 56
5 18 44
5 20 61
5 21 75
5 25 62
5 27 93
5 28 5
6 7 42
6 15 96
6 16 44
6 20 53
6 25 36
7 12 67
7 13 22
7 19 97
7 22 66
7 23 77
7 24 75
8 10 97
8 13 69
8 14 96
8 15 57
8 16 56
8 17 73
8 20 56
8 22 42
8 23 70
8 27 52
8 29 97
9 11 3
9 17 19
9 21 22
9 27 86
10 12 92
10 18 19
10 21 58
10 22 38
10 24 18
11 13 48
11 15 67
11 18 36
11 19 96
11 21 43
11 23 67
11 26 73
12 13 93
12 14 33
12 19 73
12 21 64
12 22 4
12 25 29
12 26 57
12 29 22
13 14 66
13 16 30
13 18 100
13 19 27
13 20 42
13 21 12
13 23 91
13 27 6
14 15 33
14 17 53
14 22 52
14 23 60
14 27 66
14 28 33
15 16 11
15 18 87
15 21 82
15 23 53
15 26 2
15 27 35
15 29 96
16 28 54
16 29 3
17 20 45
17 23 87
17 25 31
17 27 30
17 28 71
18 21 7
18 22 100
18 25 20
19 26 53
19 27 8
19 29 64
20 26 97
20 27 62
21 23 11
21 26 3
22 23 92
22 26 61
22 27 3
24 25 86
24 28 3
27 28 72
28 29 60
