78
0 6 88
0 19 28
0 20 10
0 37 63
0 44 78
0 48 95
1 33 33
2 10 75
2 14 96
2 42 21
2 43 67
2 51 11
2 52 18
2 58 56
2 60 42
3 18 2
3 34 85
3 36 25
3 64 28
3 67 27
4 12 74
4 20 93
4 60 60
4 63 12
5 32 78
5 48 40
5 56 20
5 60 86
5 76 7
6 37 100
6 60 85
7 18 33
7 31 4
8 30 40
8 33 27
8 38 71
8 46 51
8 67 88
9 20 26
10 22 40
11 17 54
11 32 10
11 47 66
11 55 32
12 32 50
12 70 25
13 21 57
13 50 72
13 53 51
13 69 90
13 76 63
14 16 54
14 27 34
14 48 92
14 68 53
14 71 99
15 35 79
15 36 10
15 38 96
15 41 91
15 50 85
15 72 16
16 40 71
16 54 53
16 57 95
16 60 57
16 73 14
17 20 23
17 22 79
17 64 2
18 25 19
18 60 9
19 30 19
20 56 11
20 59 4
20 64 21
21 25 63
21 43 54
21 59 6
22 29 48
22 30 23
22 31 94
22 49 100
23 61 20
23 67 42
24 39 79
24 44 45
24 50 74
24 61 42
24 68 68
25 33 16
25 55 70
25 56 86
25 59 76
25 76 65
26 39 54
26 42 58
26 46 19
26 48 16
26 68 25
26 74 60
28 34 6
28 41 36
28 47 88
28 60 40
28 65 49
29 62 32
30 34 54
30 67 63
31 49 85
31 61 9
31 66 23
32 33 56
32 60 26
32 65 97
33 37 2
33 70 26
34 61 50
35 44 56
35 53 67
35 70 48
36 48 10
36 65 95
37 38 15
37 56 33
37 59 80
37 74 54
38 41 70
38 57 26
38 76 60
39 44 80
40 68 46
41 42 50
41 67 18
41 69 41
41 71 10
42 58 48
42 73 70
42 75 23
47 51 91
47 58 10
47 65 67
49 60 62
51 66 77
51 74 58
54 57 68
54 64 19
54 69 75
55 74 62
57 65 25
59 74 87
62 68 59
63 64 99
64 65 23
66 68 20
66 76 38
67 70 73
70 77 35
71 75 18
72 76 15
74 77 88
