90
0 15 73
0 83 67
1 16 94
1 35 17
1 42 77
2 20 87
2 48 59
3 7 18
3 22 14
4 14 20
4 26 41
4 65 99
4 81 30
4 83 62
5 52 80
5 73 70
5 89 25
7 41 28
7 78 22
8 73 73
9 59 78
9 73 93
9 76 40
9 81 10
9 84 16
10 25 5
10 84 27
11 32 2
11 62 67
12 56 58
12 62 94
13 41 17
13 73 36
14 29 91
14 36 7
17 30 47
19 30 69
19 41 61
19 62 20
19 89 95
20 59 18
21 35 22
21 61 14
21 69 88
23 51 51
23 88 15
26 42 17
26 61 5
27 44 24
27 70 13
28 31 98
28 89 84
29 76 72
29 85 97
30 35 36
30 53 7
31 56 86
31 61 27
32 34 44
33 70 20
33 72 92
36 76 93
38 41 2
39 85 80
40 62 40
41 88 30
43 61 2
45 53 65
46 81 52
47 58 11
47 81 7
50 71 47
50 88 74
52 59 57
52 63 56
55 63 43
55 74 51
56 65 10
56 68 12
60 83 28
61 64 45
61 85 39
63 75 90
63 87 38
66 71 62
71 74 27
71 75 43
71 81 99
73 84 65
80 85 72
82 86 18
