43
0 1 75
0 2 38
0 4 53
0 7 50
0 8 26
0 11 51
0 13 80
0 15 4
0 16 16
0 17 11
0 19 88
0 21 37
0 24 46
0 25 30
0 26 28
0 27 24
0 29 91
0 30 12
0 32 54
0 33 20
0 36 54
0 37 24
0 40 21
0 41 11
0 42 48
1 2 92
1 4 91
1 8 77
1 9 7
1 11 76
1 12 12
1 13 79
1 14 29
1 16 58
1 17 14
1 18 90
1 19 21
1 21 69
1 25 33
1 26 74
1 27 30
1 28 27
1 29 18
1 33 20
1 35 73
1 37 64
1 38 65
1 39 12
1 40 98
1 42 71
2 3 27
2 4 3
2 5 59
2 7 29
2 8 39
2 9 79
2 11 93
2 14 23
2 15 72
2 16 4
2 17 18
2 19 82
2 21 81
2 22 62
2 25 33
2 27 3
2 28 86
2 29 10
2 30 95
2 31 33
2 32 2
2 33 90
2 34 50
2 35 76
2 37 40
2 41 3
2 42 36
3 4 72
3 6 17
3 7 55
3 8 79
3 9 19
3 11 15
3 13 93
3 15 61
3 16 50
3 19 41
3 22 82
3 24 3
3 25 1
3 29 35
3 30 77
3 31 8
3 33 85
3 35 11
3 37 66
3 38 28
3 39 96
3 41 16
4 5 46
4 6 54
4 7 25
4 8 62
4 9 42
4 10 9
4 11 87
4 12 16
4 13 76
4 15 20
4 17 28
4 23 14
4 24 99
4 25 3
4 29 1
4 30 21
4 31 82
4 33 7
4 34 74
4 35 73
4 37 23
4 38 21
4 39 1
4 40 91
4 41 28
4 42 86
5 6 84
5 8 52
5 10 55
5 11 67
5 12 22
5 14 12
5 15 3
5 19 37
5 21 57
5 22 75
5 23 33
5 25 77
5 26 52
5 30 39
5 31 88
5 32 83
5 33 48
5 34 55
5 37 76
5 39 94
5 40 16
6 7 1
6 8 64
6 10 80
6 11 96
6 12 6
6 13 9
6 16 27
6 17 13
6 18 73
6 20 49
6 21 61
6 22 71
6 24 84
6 25 24
6 26 41
6 27 35
6 28 95
6 29 72
6 30 63
6 31 67
6 35 66
6 37 45
6 38 6
6 39 62
6 42 54
7 8 99
7 10 88
7 13 55
7 14 57
7 16 46
7 17 32
7 18 77
7 19 88
7 20 26
7 24 60
7 25 56
7 26 6
7 27 30
7 28 13
7 29 41
7 31 34
7 33 79
7 35 16
7 36 42
7 37 21
7 38 2
7 39 91
7 41 55
7 42 20
8 10 73
8 15 40
8 19 21
8 21 57
8 22 5
8 23 36
8 24 88
8 27 48
8 28 16
8 30 78
8 31 8
8 33 74
8 35 68
8 37 11
8 38 3
8 39 44
8 40 41
8 41 23
8 42 79
9 10 62
9 12 36
9 14 66
9 15 65
9 16 46
9 17 83
9 18 14
9 19 92
9 21 58
9 27 74
9 28 38
9 30 34
9 32 63
9 33 26
9 35 76
9 36 82
9 37 91
9 38 39
9 40 37
9 41 83
9 42 11
10 11 31
10 12 29
10 13 67
10 14 36
10 15 6
10 16 23
10 17 64
10 19 66
10 20 53
10 22 60
10 23 54
10 25 43
10 26 65
10 27 35
10 30 71
10 31 75
10 33 11
10 34 41
10 35 77
10 37 7
10 39 45
10 40 96
11 12 3
11 14 53
11 15 63
11 16 58
11 19 96
11 21 88
11 22 17
11 24 4
11 25 75
11 27 30
11 28 9
11 29 66
11 31 19
11 34 22
11 35 15
11 36 34
11 37 82
11 38 26
11 39 59
11 40 31
12 14 63
12 16 94
12 17 16
12 18 23
12 19 13
12 20 46
12 22 55
12 23 13
12 28 5
12 29 21
12 31 72
12 32 36
12 33 79
12 35 68
12 36 64
12 37 100
12 38 54
12 41 30
12 42 39
13 17 42
13 18 44
13 19 36
13 20 95
13 25 64
13 26 53
13 27 90
13 28 43
13 30 54
13 32 92
13 33 46
13 34 88
13 36 27
13 40 20
13 41 22
13 42 2
14 16 10
14 17 67
14 18 47
14 19 97
14 20 57
14 21 83
14 24 41
14 25 25
14 27 48
14 28 4
14 29 74
14 31 42
14 33 59
14 35 82
14 37 97
14 39 72
14 40 87
14 41 44
14 42 65
15 16 91
15 18 29
15 19 22
15 20 34
15 21 48
15 22 4
15 23 84
15 24 52
15 26 40
15 27 88
15 30 11
15 31 20
15 32 71
15 33 34
15 34 90
15 35 7
15 37 58
15 38 52
15 39 58
15 41 3
16 17 15
16 18 90
16 19 13
16 20 71
16 21 11
16 23 32
16 24 44
16 27 32
16 28 39
16 30 70
16 31 67
16 32 25
16 33 6
16 34 70
16 35 53
16 38 89
16 42 53
17 18 26
17 19 64
17 20 24
17 21 80
17 22 30
17 24 42
17 27 41
17 28 49
17 29 50
17 33 36
17 34 46
17 36 32
17 37 70
17 38 58
17 39 2
17 40 43
17 41 58
17 42 89
18 19 11
18 21 54
18 22 24
18 23 57
18 25 30
18 26 11
18 27 27
18 28 93
18 30 57
18 31 73
18 32 36
18 35 1
18 36 67
18 38 82
18 39 49
18 40 3
18 41 63
19 20 22
19 21 63
19 22 91
19 23 80
19 24 56
19 26 44
19 27 57
19 29 64
19 30 46
19 31 74
19 32 11
19 34 80
19 35 55
19 37 71
19 38 83
19 40 77
19 41 10
19 42 38
20 22 25
20 25 74
20 26 55
20 28 38
20 29 36
20 34 36
20 35 48
20 39 42
20 40 13
20 41 95
20 42 32
21 22 42
21 24 52
21 26 37
21 27 55
21 28 22
21 29 86
21 31 84
21 34 84
21 35 14
21 36 57
21 37 12
21 39 95
21 41 15
22 23 41
22 25 44
22 27 69
22 29 95
22 33 27
22 35 4
22 36 6
22 37 80
22 38 48
22 40 38
22 41 57
22 42 91
23 24 74
23 25 12
23 26 95
23 27 90
23 29 45
23 30 50
23 31 83
23 32 51
23 33 11
23 34 52
23 36 50
23 37 40
23 38 33
23 39 72
23 41 68
24 25 11
24 27 81
24 28 87
24 29 18
24 30 86
24 31 61
24 32 44
24 33 69
24 35 22
24 38 52
24 39 51
24 40 3
24 41 67
25 26 100
25 27 54
25 28 38
25 30 34
25 33 21
25 34 39
25 35 54
25 37 38
25 39 84
25 41 68
25 42 64
26 27 21
26 28 51
26 31 17
26 32 86
26 33 55
26 34 50
26 36 44
26 37 63
26 38 31
26 39 87
26 42 48
27 28 22
27 29 46
27 32 8
27 35 93
27 36 57
27 37 99
27 38 53
27 41 96
28 29 66
28 30 28
28 31 79
28 32 51
28 36 33
28 38 78
28 40 98
28 41 56
28 42 40
29 30 98
29 31 75
29 32 12
29 33 27
29 34 21
29 37 44
29 38 79
29 39 24
29 40 61
29 41 21
29 42 69
30 31 21
30 32 1
30 33 50
30 34 58
30 35 11
30 36 84
30 37 4
30 40 54
30 42 4
31 32 62
31 33 25
31 34 18
31 35 94
31 36 40
31 37 82
31 38 67
31 39 29
31 41 76
31 42 39
32 33 92
32 35 31
32 36 45
32 37 67
32 38 98
32 39 23
32 40 94
32 41 16
33 34 53
33 35 69
33 37 48
33 38 8
33 40 23
33 41 97
33 42 29
34 35 17
34 37 67
34 38 93
34 39 91
34 42 53
35 36 9
35 38 84
35 39 64
35 40 63
35 41 6
35 42 71
36 37 26
36 39 66
36 40 34
36 42 24
37 38 15
37 39 73
37 40 24
38 40 48
38 41 97
38 42 30
39 41 45
39 42 7
40 41 18
40 42 92
41 42 18
