32
0 1 15
0 2 89
0 3 76
0 4 78
0 5 74
0 6 38
0 7 26
0 8 16
0 9 94
0 10 12
0 11 53
0 12 62
0 13 99
0 14 48
0 15 90
0 16 66
0 17 97
0 18 84
0 19 28
0 20 17
0 21 81
0 22 58
0 23 25
0 24 40
0 25 92
0 26 6
0 27 72
0 28 29
0 29 98
0 30 72
0 31 3
1 2 66
1 3 78
1 4 12
1 5 6
1 6 12
1 7 81
1 8 46
1 9 40
1 10 73
1 11 7
1 12 100
1 13 19
1 14 67
1 15 23
1 16 63
1 17 21
1 18 97
1 19 90
1 20 19
1 21 24
1 22 82
1 23 54
1 24 12
1 25 90
1 26 53
1 27 24
1 28 84
1 29 88
1 30 86
1 31 89
2 3 86
2 4 19
2 5 41
2 6 62
2 7 3
2 8 9
2 9 48
2 10 68
2 11 86
2 12 60
2 13 1
2 14 60
2 15 89
2 16 62
2 17 10
2 18 89
2 19 36
2 20 3
2 21 38
2 22 9
2 23 54
2 24 90
2 25 75
2 26 17
2 27 33
2 28 82
2 29 50
2 30 95
2 31 9
3 4 48
3 5 42
3 6 67
3 7 32
3 8 9
3 9 97
3 10 26
3 11 25
3 12 30
3 13 16
3 14 41
3 15 11
3 16 38
3 17 83
3 18 27
3 19 35
3 20 61
3 21 39
3 22 95
3 23 23
3 24 13
3 25 41
3 27 75
3 28 93
3 29 52
3 30 8
3 31 29
4 5 60
4 6 29
4 7 56
4 8 51
4 9 35
4 10 25
4 11 7
4 12 33
4 13 51
4 14 14
4 15 27
4 16 23
4 17 48
4 18 26
4 19 67
4 20 18
4 21 36
4 22 48
4 23 30
4 24 19
4 25 80
4 26 59
4 27 70
4 28 48
4 29 65
4 30 42
4 31 30
5 6 64
5 7 89
5 9 23
5 10 62
5 11 96
5 12 41
5 13 24
5 14 91
5 15 66
5 16 65
5 17 62
5 18 61
5 19 92
5 20 26
5 21 47
5 22 38
5 23 77
5 24 1
5 25 35
5 26 76
5 27 39
5 28 8
5 29 80
5 30 13
5 31 42
6 7 63
6 8 9
6 9 46
6 10 75
6 11 52
6 12 24
6 13 88
6 14 47
6 15 93
6 16 51
6 17 69
6 18 20
6 19 67
6 20 6
6 21 22
6 22 4
6 23 21
6 24 16
6 25 63
6 26 2
6 27 22
6 28 53
6 29 95
6 30 38
6 31 69
7 8 69
7 9 66
7 10 48
7 11 18
7 12 73
7 13 71
7 14 72
7 15 98
7 16 4
7 17 31
7 18 13
7 19 36
7 20 57
7 21 50
7 22 85
7 23 51
7 24 81
7 25 30
7 26 24
7 27 77
7 28 72
7 29 52
7 30 19
7 31 82
8 9 81
8 10 72
8 11 72
8 12 90
8 13 66
8 14 88
8 15 10
8 16 85
8 17 100
8 18 25
8 19 27
8 20 77
8 21 68
8 22 85
8 23 18
8 24 86
8 25 86
8 26 23
8 27 13
8 28 64
8 29 1
8 30 92
8 31 12
9 10 58
9 11 32
9 12 53
9 13 9
9 14 34
9 15 23
9 16 75
9 17 71
9 18 56
9 19 20
9 20 38
9 21 40
9 22 98
9 23 80
9 24 94
9 25 48
9 26 79
9 27 22
9 28 28
9 29 40
9 30 18
9 31 21
10 11 57
10 12 6
10 13 86
10 14 71
10 15 11
10 16 68
10 17 86
10 18 96
10 19 7
10 20 10
10 21 69
10 22 4
10 23 11
10 24 38
10 25 2
10 26 13
10 27 30
10 28 35
10 29 90
10 30 78
10 31 48
11 12 18
11 13 56
11 14 58
11 15 64
11 16 93
11 17 69
11 18 27
11 19 38
11 20 41
11 21 69
11 22 49
11 23 89
11 24 20
11 25 40
11 26 29
11 27 36
11 28 33
11 29 18
11 31 5
12 13 46
12 14 38
12 15 3
12 16 79
12 17 13
12 18 48
12 19 30
12 20 90
12 21 97
12 22 28
12 23 69
12 24 16
12 25 33
12 26 35
12 27 17
12 28 96
12 29 48
12 30 10
12 31 45
13 14 91
13 15 43
13 16 80
13 17 10
13 18 47
13 19 71
13 20 59
13 21 3
13 22 71
13 23 15
13 24 89
13 25 39
13 26 44
13 27 17
13 28 90
13 29 72
13 30 84
13 31 11
14 15 57
14 16 62
14 17 27
14 18 96
14 19 56
14 20 82
14 21 62
14 22 37
14 23 84
14 24 76
14 25 55
14 26 23
14 27 90
14 29 74
14 30 93
14 31 14
15 16 50
15 17 27
15 18 75
15 19 67
15 20 2
15 21 58
15 22 41
15 23 27
15 24 65
15 25 93
15 26 97
15 27 78
15 28 75
15 29 27
15 30 14
15 31 15
16 17 21
16 18 23
16 19 48
16 20 45
16 21 92
16 22 27
16 23 43
16 24 11
16 25 52
16 26 11
16 27 65
16 28 73
16 29 80
16 30 64
16 31 59
17 18 52
17 19 30
17 20 83
17 21 37
17 22 92
17 23 83
17 24 46
17 25 26
17 26 63
17 27 55
17 28 42
17 29 1
17 30 23
17 31 75
18 19 95
18 20 97
18 21 57
18 22 7
18 23 44
18 25 93
18 26 96
18 27 30
18 28 14
18 29 80
18 30 64
18 31 75
19 20 24
19 21 87
19 22 96
19 23 44
19 24 32
19 25 76
19 26 29
19 27 4
19 28 66
19 29 25
19 30 60
19 31 41
20 21 25
20 22 95
20 23 2
20 24 31
20 25 26
20 26 31
20 27 96
20 28 11
20 29 72
20 30 23
20 31 9
21 22 76
21 23 38
21 24 5
21 25 44
21 26 72
21 27 62
21 28 18
21 29 78
21 30 58
21 31 88
22 23 16
22 24 67
22 25 91
22 26 10
22 27 43
22 28 43
22 29 54
22 30 16
22 31 44
23 24 19
23 25 23
23 26 17
23 27 45
23 28 88
23 29 68
23 30 99
23 31 59
24 25 5
24 26 46
24 27 54
24 28 54
24 29 91
24 30 61
24 31 99
25 26 85
25 27 48
25 28 43
25 29 46
25 30 95
25 31 78
26 27 46
26 28 32
26 29 36
26 30 4
26 31 94
27 28 71
27 29 71
27 30 98
27 31 70
28 29 15
28 30 98
28 31 3
29 30 68
29 31 27
30 31 30
